
 *******************************************************************************
                                 TAU INFO FILE
 *******************************************************************************

          TAU-info file created by program KKRGEN

          execution  on    22/08/2025    at   15:24:59

NEPANEL            1
NEPATH             1
IGRID              8
NETAB             36
EMIN         -0.200000
EMAX          0.716363
EIMAG         0.000000
EILOW         0.000000

                energy                     weight
    1   -0.199953    0.006578       0.000242    0.016836
    2   -0.198718    0.034245       0.002865    0.038223
    3   -0.192578    0.082135       0.010373    0.056929
    4   -0.175973    0.146425       0.023810    0.070596
    5   -0.143281    0.220813       0.042213    0.076748
    6   -0.090838    0.296843       0.062706    0.073727
    7   -0.018490    0.365217       0.081347    0.061625
    8    0.070004    0.417755       0.094484    0.042560
    9    0.167898    0.449198       0.099953    0.020089
   10    0.267283    0.458091       0.097599   -0.001939
   11    0.360989    0.446498       0.088951   -0.020481
   12    0.443888    0.418860       0.076411   -0.033878
   13    0.513329    0.380565       0.062407   -0.041841
   14    0.568855    0.336767       0.048836   -0.045052
   15    0.611542    0.291662       0.036865   -0.044663
   16    0.643292    0.248234       0.027002   -0.041891
   17    0.666264    0.208323       0.019287   -0.037782
   18    0.682507    0.172851       0.013492   -0.033121
   19    0.693774    0.142088       0.009275   -0.028434
   20    0.701465    0.115887       0.006283   -0.024035
   21    0.706644    0.093867       0.004204   -0.020085
   22    0.710092    0.075546       0.002782   -0.016644
   23    0.712363    0.060411       0.001823   -0.013706
   24    0.713844    0.047977       0.001183   -0.011236
   25    0.714801    0.037802       0.000760   -0.009178
   26    0.715412    0.029503       0.000482   -0.007475
   27    0.715797    0.022753       0.000302   -0.006071
   28    0.716037    0.017280       0.000185   -0.004913
   29    0.716182    0.012860       0.000111   -0.003956
   30    0.716268    0.009313       0.000064   -0.003162
   31    0.716317    0.006492       0.000035   -0.002497
   32    0.716343    0.004285       0.000018   -0.001933
   33    0.716355    0.002600       0.000008   -0.001447
   34    0.716361    0.001371       0.000003   -0.001018
   35    0.716362    0.000550       0.000001   -0.000630
   36    0.716363    0.000104       0.000000   -0.000266
